0.000000000000000000e+00 0.000000000000000000e+00 0.000000000000000000e+00 0.000000000000000000e+00 5.085113425462238546e+00 7.500225361322290674e+00 0.000000000000000000e+00 0.000000000000000000e+00 0.000000000000000000e+00 0.000000000000000000e+00 0.000000000000000000e+00 2.898032049590108983e+01 5.426431004418002146e+01 5.153191345573887361e+01
0.000000000000000000e+00 0.000000000000000000e+00 0.000000000000000000e+00 3.114464623405083898e+00 4.444417389764653059e+00 1.906389027235331923e+01 0.000000000000000000e+00 0.000000000000000000e+00 0.000000000000000000e+00 0.000000000000000000e+00 0.000000000000000000e+00 7.489170010767668195e+00 5.338669469574703186e+01 5.680442098757691838e+01
0.000000000000000000e+00 0.000000000000000000e+00 0.000000000000000000e+00 0.000000000000000000e+00 1.572317127650893731e+01 2.824664567570746243e+01 0.000000000000000000e+00 0.000000000000000000e+00 0.000000000000000000e+00 0.000000000000000000e+00 0.000000000000000000e+00 1.845410264817926560e+01 5.458990119570125898e+01 6.804975539088077596e+01
0.000000000000000000e+00 0.000000000000000000e+00 8.482566838065759285e+00 5.786404108959165349e+00 3.367640653327379141e+01 2.069667400192884443e+01 0.000000000000000000e+00 0.000000000000000000e+00 0.000000000000000000e+00 0.000000000000000000e+00 0.000000000000000000e+00 3.985179088471020492e+01 6.956654947832689118e+01 4.569418711699071878e+01
0.000000000000000000e+00 0.000000000000000000e+00 7.946340724982577264e+00 1.202514511900742455e+01 2.709740024592984042e+01 5.989654523332521130e+00 0.000000000000000000e+00 0.000000000000000000e+00 0.000000000000000000e+00 0.000000000000000000e+00 0.000000000000000000e+00 3.429062143089115722e+01 6.551904699528421361e+01 6.178499260786928460e+01
0.000000000000000000e+00 3.636219656965168134e+00 1.749677542771736372e+00 1.823404995317117638e+01 1.655104999765060469e+01 0.000000000000000000e+00 0.000000000000000000e+00 0.000000000000000000e+00 0.000000000000000000e+00 0.000000000000000000e+00 0.000000000000000000e+00 4.865914462277933694e+01 8.322199399146694532e+01 6.486405737238038682e+01
0.000000000000000000e+00 1.605013665344332319e+00 6.748123876583717262e+00 2.644415249672839607e+01 9.807222867966691737e+00 0.000000000000000000e+00 0.000000000000000000e+00 0.000000000000000000e+00 0.000000000000000000e+00 0.000000000000000000e+00 6.620338284268943774e+00 5.123438307536768832e+01 7.893558339343739760e+01 5.708546243452173030e+01
0.000000000000000000e+00 3.546229908574621170e+00 1.600303504518924669e+01 2.940298979413220692e+01 1.528422710981672950e+01 0.000000000000000000e+00 0.000000000000000000e+00 0.000000000000000000e+00 0.000000000000000000e+00 0.000000000000000000e+00 3.674583845613894084e+01 6.045468593548351777e+01 5.346658357366631975e+01 4.059702444404722144e+01
0.000000000000000000e+00 3.045731123002656915e+00 2.207755158411716323e+01 3.416511130618011549e+01 0.000000000000000000e+00 0.000000000000000000e+00 0.000000000000000000e+00 0.000000000000000000e+00 0.000000000000000000e+00 1.734808106929502358e+01 4.905950951053446119e+01 4.358537841651562417e+01 4.673187867376024940e+01 4.028006932393647332e+01
9.000725268070775442e+00 1.341315634329901130e+01 1.380801429577234707e+01 0.000000000000000000e+00 0.000000000000000000e+00 0.000000000000000000e+00 0.000000000000000000e+00 0.000000000000000000e+00 0.000000000000000000e+00 1.708264313801835854e+01 3.743081437350409146e+01 5.915550951052766493e+01 5.592409757910051127e+01 2.986782357631684448e+01
2.904596368425818476e+00 1.602500671920162745e+01 1.832538429404765878e+01 0.000000000000000000e+00 0.000000000000000000e+00 0.000000000000000000e+00 0.000000000000000000e+00 0.000000000000000000e+00 0.000000000000000000e+00 4.346775765615581832e+01 8.156484396851821828e+01 7.394259271021823565e+01 3.182356174221128953e+01 1.328098820539140590e+01
7.764247709875749415e+00 1.402298547662428696e+01 0.000000000000000000e+00 0.000000000000000000e+00 0.000000000000000000e+00 0.000000000000000000e+00 0.000000000000000000e+00 0.000000000000000000e+00 0.000000000000000000e+00 7.584530022019245621e+01 7.405930466656846534e+01 4.238746001118404649e+01 3.095387707106455011e+01 1.146320074669282896e+01
6.619159830736832006e+00 4.279129477344839394e+00 0.000000000000000000e+00 0.000000000000000000e+00 0.000000000000000000e+00 0.000000000000000000e+00 0.000000000000000000e+00 0.000000000000000000e+00 2.986458166620452914e+01 7.318219458645060627e+01 5.533685058854066341e+01 4.939503217920925948e+01 2.024406378705575094e+01 0.000000000000000000e+00
1.157015769671840921e+01 1.068183656394784720e+01 0.000000000000000000e+00 0.000000000000000000e+00 0.000000000000000000e+00 0.000000000000000000e+00 0.000000000000000000e+00 0.000000000000000000e+00 7.054207396838189759e+00 2.491104055825270791e+01 3.867324026930416636e+01 2.802716922349487660e+01 0.000000000000000000e+00 4.002261227759082551e+00
