8.070968598787608528e+01 7.511229886632594344e+01 4.116552198351813274e+01 0.000000000000000000e+00 0.000000000000000000e+00 0.000000000000000000e+00 1.314581262063433087e+01 1.084040967673811551e+01 9.162993721148431803e+01 9.190334095410595694e+01 8.129669730631697178e+01 2.527654697307654885e+01 1.852026285704529585e+01 8.059986917954446994e+00
7.202928974559237929e+01 3.665301499781255501e+01 0.000000000000000000e+00 0.000000000000000000e+00 0.000000000000000000e+00 8.529251182428076561e+00 5.062319888372822874e+01 9.449169446610915202e+01 1.313989419989083842e+02 1.257896246892379679e+02 3.426312952000599665e+01 1.279409944471198557e+01 1.805225325458922825e+01 0.000000000000000000e+00
3.620907699819103698e+01 9.943275630271990906e+00 0.000000000000000000e+00 0.000000000000000000e+00 1.287321176507293785e+01 6.287078228075407793e+01 8.803560440764246664e+01 1.160360278228757238e+02 1.058020414943743361e+02 6.255031244881759989e+01 2.669758531553254244e+01 5.655077091230312192e+01 5.721845513720847265e+01 2.662029911249075909e+01
2.381070550917748552e+00 0.000000000000000000e+00 0.000000000000000000e+00 2.442234656918676095e+01 8.538712214199362904e+01 1.138318046964957801e+02 1.013956318682889588e+02 6.838100223505588815e+01 1.504194385267093637e+01 1.472637968138078080e+01 1.642846996479829613e+01 4.488182561550106442e+01 4.102082679336243842e+01 5.933662963026766590e+01
1.471913093633792258e+01 1.137186653711500384e+01 3.476038445889535922e+01 8.384181490624224864e+01 1.307010368854787714e+02 8.650876498607304654e+01 6.779154250315937702e+01 4.842586312912009028e+00 0.000000000000000000e+00 1.056377844730311821e+01 2.287585662251946772e+01 1.267284130006163423e+01 8.530725350188216538e+00 7.864695684898876493e+01
8.933322685602639979e+00 7.793254350380395579e+01 1.205522073722545144e+02 1.187319798536862123e+02 6.831890396072898852e+01 2.781285054277845958e+01 3.714781771687793821e+01 0.000000000000000000e+00 0.000000000000000000e+00 2.440374190772691421e+01 2.466080714725183398e+01 6.344601945951923483e+01 4.366012087281610121e+01 3.329567274674107580e+01
6.353885168762676017e+01 1.007598475405401359e+02 9.132406007680600624e+01 6.071135734729946165e+01 5.813146464426922222e+01 3.659221940176390575e+01 1.289704689375909297e+01 0.000000000000000000e+00 0.000000000000000000e+00 2.822318730213281768e+01 2.504374496341803180e+01 1.852517484768265277e+01 4.829796659544771842e+01 2.706385620394899050e+01
6.335439520376424127e+01 7.841599124697323475e+01 4.746103890424386407e+01 7.963496920527114753e+01 5.879328193690918880e+01 2.118779898912610449e+01 0.000000000000000000e+00 0.000000000000000000e+00 2.142206814671879656e+01 5.405327986132975582e+01 4.508043598296769261e+01 2.558282653178624599e+01 2.705710331642619337e+01 2.130275739680147495e+01
4.210515191749762209e+01 3.996522289627846192e+01 3.854957564457630781e+01 7.500627344818930453e+01 5.015344636161822223e+01 0.000000000000000000e+00 0.000000000000000000e+00 4.146131006898951910e+01 1.971329621073580185e+01 3.365643353076147548e+01 5.142816860536424883e+01 2.739657842986992264e+01 3.710994860334159995e+01 3.871894927554156318e+00
4.808221542696150408e+01 3.315467175918706744e+01 2.514168105080888793e+01 3.163981844389092046e+01 1.638300147040700594e+01 2.997385573677586379e+01 5.793058272551827059e+01 8.639550041504070066e+01 4.524563565894547423e+01 1.874505432001021177e+01 1.915640122934099665e+01 4.015631040974003696e+01 2.283968579857149095e+01 3.057806641764389433e+00
1.769003963263664403e+01 3.344882644538571981e+00 2.923448254604034346e+00 3.716990424694610340e+01 1.418345689054061154e+01 2.156227862539457618e+01 3.599377420299613561e+01 6.646175467356607669e+01 3.175519170984146555e+01 1.258217050761333766e+01 3.421941909342204013e+01 6.208331547394200811e+01 6.774643078627595294e+00 9.108479130765974929e+00
1.746841789673254652e+00 2.055831631058375741e+00 2.364167831342568604e+01 6.000324452002398345e+01 6.422424800697302771e+01 9.054500620615257844e+01 7.593883805740591697e+01 5.782933444424497083e+01 3.177541209296474634e+01 0.000000000000000000e+00 1.760384314617892443e+01 6.292078448539522384e+01 4.155985897823685349e+01 9.516461004951295877e+00
3.636068168914134446e+01 2.698786193710786208e+01 5.782909240677071239e+01 8.326875784598861685e+01 9.458251754895482577e+01 7.455258355462912334e+01 5.053629829945648311e+01 4.595657533354217605e+01 6.033645638386736465e+01 2.102833439481074862e+01 1.539940554734072542e+00 4.148622650448346150e+01 2.302325706006589812e+01 0.000000000000000000e+00
1.741372384091198100e+01 3.861222950190801129e+01 1.042723723453849516e+02 9.981167742341800420e+01 6.974682132254805822e+01 3.038745391542620311e+01 1.602920497954633561e+01 3.604443510229431524e+01 3.048728829814508146e+01 1.284100591526078716e+01 2.834304233783894134e+01 5.242315275517460549e+01 7.439195820186821351e+00 0.000000000000000000e+00
