0.000000000000000000e+00 1.248482352390109407e+00 4.350109317114605467e+00 3.924077546283105988e+01 6.193389544131003532e+01 8.294285722694682761e+01 3.341419584149066679e+01 0.000000000000000000e+00 5.250155381696951729e+00 8.714406561953756736e+00 2.177522101077995131e+01 0.000000000000000000e+00 0.000000000000000000e+00 0.000000000000000000e+00
7.300225404533366991e+00 2.333087706968637676e+01 3.470692200157075291e+01 7.844424997569984725e+01 7.543863430832362837e+01 2.878234996119498845e+01 2.038953043770438356e+01 1.434347890473507370e+01 3.021153982960996842e+01 0.000000000000000000e+00 5.006094798464124640e-01 6.976091607469825817e+00 0.000000000000000000e+00 1.184735594532801883e+01
3.370858357496489077e+01 3.771943858290505602e+01 8.032798092463103501e+01 6.342891482835486983e+01 5.737168345843921458e+01 9.335436226861064668e+00 4.027312386943824762e+00 1.001826100683734211e+01 1.816354901964163560e+01 1.888168072337299552e-01 3.880034046636672684e+01 2.530385340475846689e+01 2.298726041319497782e+01 4.272401926629841995e+01
5.793870819842428688e+01 7.384831101815346699e+01 5.124414092498746953e+01 3.029676319577986732e+01 1.143244246437964051e+01 0.000000000000000000e+00 5.948211413988393481e+00 0.000000000000000000e+00 3.231298087183922974e+00 2.694542502527900041e+01 4.038842048451327571e+01 3.102432326804855478e+01 3.244869901828378289e+01 0.000000000000000000e+00
6.428968570488012801e+01 2.854324583707513696e+01 2.301248475339060917e+01 1.139408049191676398e+01 1.451675775295125925e+00 0.000000000000000000e+00 0.000000000000000000e+00 0.000000000000000000e+00 4.529174305744552242e+01 4.746869144287902031e+01 1.689364281148834124e+01 2.287738867866983838e+01 1.646206809243663827e+01 0.000000000000000000e+00
1.165757218211693846e+01 1.365221723697440837e+01 1.459804607408985433e+01 2.235069711120227964e+01 0.000000000000000000e+00 0.000000000000000000e+00 0.000000000000000000e+00 3.906672023838816443e+01 3.748935078874424676e+01 3.817637475207094866e+01 3.662021659446458521e+00 3.264146386682447343e+01 4.311199756905408265e+01 0.000000000000000000e+00
0.000000000000000000e+00 1.813108869714950799e+01 7.227611387265866050e+00 0.000000000000000000e+00 0.000000000000000000e+00 0.000000000000000000e+00 3.594498891903283067e+01 5.352074876013203664e+01 2.481804580948841377e+01 1.266513534348262127e+01 1.120039616171365360e+01 1.174134415829679234e+01 1.368279037045505575e+01 0.000000000000000000e+00
6.528978666945423726e+00 0.000000000000000000e+00 0.000000000000000000e+00 0.000000000000000000e+00 8.385598498268274525e+00 5.516678369556670347e+00 8.008661771544407770e+01 6.786739197401843171e+01 3.075265756297293152e+01 4.777724469990218381e+01 4.606187074841480467e+01 1.689132561763409646e+00 9.716826933359183016e+00 0.000000000000000000e+00
0.000000000000000000e+00 0.000000000000000000e+00 0.000000000000000000e+00 0.000000000000000000e+00 0.000000000000000000e+00 4.322647595100175977e+01 8.019724770296694771e+01 4.952447565754063419e+01 4.597285670549826619e+01 4.283541054160246375e+01 1.942304433670233266e+01 1.829746651758057396e+01 0.000000000000000000e+00 0.000000000000000000e+00
7.775326189798528187e-01 0.000000000000000000e+00 4.401582866343471068e+00 2.714899409913196848e+01 5.902719381389621134e+01 8.923447021411625713e+01 6.410255542072935953e+01 7.198172135174044683e+01 3.386530260995472474e+01 2.864273041321896685e+01 1.627982677872637041e+01 6.576919134023382796e+00 0.000000000000000000e+00 0.000000000000000000e+00
2.128347951817930905e+00 3.769544229033811256e+00 3.372635260002187607e+01 4.672869011729515165e+01 5.885001467789312812e+01 8.771689130658008082e+01 2.850926980198665817e+01 0.000000000000000000e+00 2.550869336964389333e+01 1.863865993775332441e+01 1.163035490155338003e+01 9.756050543075893700e+00 0.000000000000000000e+00 0.000000000000000000e+00
1.716504525691758687e+01 4.792969475966841486e+01 5.085753959763396637e+01 6.613436540703884248e+01 9.291634750843974189e+01 9.112973396661847403e+01 7.208988046985061260e+01 6.066033467378296251e+01 0.000000000000000000e+00 0.000000000000000000e+00 1.085433467381785277e+01 2.266157288594300212e+01 0.000000000000000000e+00 0.000000000000000000e+00
8.178652803833466933e+00 1.238574382242927641e+01 2.740649782088497943e+01 7.253630650135794156e+01 5.901131013045722540e+01 4.808786345647985172e+01 4.769921803950031602e+01 2.291336873295956877e+01 0.000000000000000000e+00 3.710907491691984639e+00 5.556123752292388929e+01 1.891139823226241035e+01 4.314573917303968109e+00 0.000000000000000000e+00
3.981005797416410807e+00 3.756957145045511481e+01 3.061667355622989817e+01 4.539455709405113737e+01 3.704174942978458773e+01 5.730079215521121938e+01 5.193412435354665746e+01 3.034157585770655530e+01 3.208416648139414207e+01 5.222327475975417599e+01 3.559890309587125046e+01 0.000000000000000000e+00 1.013687836610888127e+01 2.035789168886095268e+01
