5.057944871675169907e+01 2.647098773449386044e+01 0.000000000000000000e+00 0.000000000000000000e+00 7.701335351002219554e+00 5.859807876248412484e+00 2.950813716313038171e+01 4.780164573723683219e+01 6.150874864898310079e+01 4.989219307167684292e+01 4.486110102829400859e+01 9.603780837122828373e+00 0.000000000000000000e+00 0.000000000000000000e+00
4.634324601853393233e+01 1.586378261188254690e+01 0.000000000000000000e+00 0.000000000000000000e+00 2.214674582870433284e+01 2.093576877766621891e+01 7.513526766357546194e+01 9.370021398710119342e+01 8.179483714788797499e+01 3.651846510811723334e+01 0.000000000000000000e+00 1.623902053550466107e+01 0.000000000000000000e+00 0.000000000000000000e+00
3.562210823468713095e+00 0.000000000000000000e+00 0.000000000000000000e+00 1.318954485615057060e+01 5.607344492090405197e+01 6.389250440542443243e+01 7.956187149081847565e+01 5.975452874191149988e+01 2.128770021392104184e+01 1.232881399405204093e+01 2.802488971162306886e+00 0.000000000000000000e+00 3.981191399968075029e+00 4.588001974479224643e+00
0.000000000000000000e+00 8.687007236466516957e+00 3.331983460265146846e+01 5.340752898947371818e+01 5.583932769977503341e+01 5.511387704198093473e+01 4.928013251946890705e+01 2.896564366874654084e+01 0.000000000000000000e+00 0.000000000000000000e+00 0.000000000000000000e+00 0.000000000000000000e+00 9.912116611359664375e+00 2.680679630502458011e+01
2.788841355186044524e+01 5.110581106251810013e+01 4.027176877059739013e+01 7.846637380356433766e+01 5.916911483611311695e+01 6.140155221245004213e+01 1.856397704164191254e+01 0.000000000000000000e+00 0.000000000000000000e+00 4.123680135357224330e+00 0.000000000000000000e+00 6.212418802364659598e+00 7.179793503258531828e+00 4.851176691504598892e+01
2.578252952321609470e+01 4.190014354167433197e+01 7.083429875856820956e+01 6.870024060031356328e+01 5.570150969973895627e+01 2.456900149625421292e+01 0.000000000000000000e+00 0.000000000000000000e+00 0.000000000000000000e+00 0.000000000000000000e+00 0.000000000000000000e+00 0.000000000000000000e+00 2.223295310332510510e+01 1.370079110912018372e+01
3.443093494403039045e+01 7.052038566783738816e+01 5.929971384754714592e+01 6.651929624919537787e+01 3.461704558051121694e+01 2.083888364968748519e+01 0.000000000000000000e+00 0.000000000000000000e+00 0.000000000000000000e+00 0.000000000000000000e+00 0.000000000000000000e+00 1.872961916003641480e+00 2.452497473946842632e+01 2.640868891789264694e+01
5.305979284150512143e+01 5.235085582940998705e+01 5.262015625156804788e+01 3.717332803394788954e+01 3.591918505175568299e+01 0.000000000000000000e+00 0.000000000000000000e+00 1.237217008294892340e+00 3.695564596074221164e+00 0.000000000000000000e+00 6.110389818663087169e+00 0.000000000000000000e+00 2.149508084743779079e+01 1.728854203002572021e+01
3.955738093197290084e+01 5.094963699761814979e+01 5.112659168417414435e+01 5.221974881142900671e+01 3.006541612409908737e+01 3.549487113851226638e+01 3.898984762304727525e+01 2.981020157010215499e+01 3.610243111759830725e+01 4.759254469348569216e+00 8.122442285420639507e+00 1.991351869695527910e+01 0.000000000000000000e+00 2.319705638482029997e+01
2.610950078331476831e+01 3.491885073491284430e+01 2.561243530696351911e+01 2.087358989826801547e+01 1.978407195902304849e+01 2.588606647294421848e+01 2.221464656739898302e+01 8.047474536157197633e+01 4.681470594280809649e+01 0.000000000000000000e+00 3.661544690110203337e+00 2.305947174804229505e+01 0.000000000000000000e+00 9.209600144042090264e+00
3.057647015337881768e+01 1.425009060319116294e+01 1.015572635204925689e+01 4.165029252327646958e+01 4.745589582742766765e+01 6.947291641402945572e+01 5.156011929115692993e+01 2.915948803660354471e+01 4.967540574475982140e+01 0.000000000000000000e+00 0.000000000000000000e+00 9.367525749901249199e+00 0.000000000000000000e+00 1.666640920174666363e+01
0.000000000000000000e+00 8.273574011543130879e+00 1.302833487243242949e+01 4.872651830311001220e+01 9.446789898405566532e+01 4.895796287720875029e+01 2.833026773128169395e+01 5.484903980953725977e+01 2.987430098750899887e+01 0.000000000000000000e+00 0.000000000000000000e+00 3.396191406020594883e+00 1.885722048199028578e+01 2.878581964850229102e+00
6.719837025331571567e+00 3.572690870364031213e+01 1.775409696796489811e+01 5.734666265921316608e+01 5.964944564633844237e+01 1.832700240732178898e+01 2.635570844891345033e+01 1.198682259102305281e+01 0.000000000000000000e+00 0.000000000000000000e+00 0.000000000000000000e+00 3.837829459678677946e+00 3.012880755671383426e+01 1.174418883447978423e+01
2.909286663674765183e+00 3.545319878158467475e+01 4.601092390021990752e+01 3.175724755633116558e+01 4.188500286340239143e+01 1.340924449274821129e+01 0.000000000000000000e+00 2.477947459396881436e-01 2.300888075080110440e+01 3.730322927704577296e+01 4.108837732456967018e+01 1.248064134151343652e+01 2.499681559251280660e+01 2.004012882028715126e+01
