3.594196099044941306e+00 0.000000000000000000e+00 1.359828059425918445e+00 3.755491411045673189e+00 0.000000000000000000e+00 0.000000000000000000e+00 0.000000000000000000e+00 0.000000000000000000e+00 0.000000000000000000e+00 5.236691631054704033e+00 0.000000000000000000e+00 0.000000000000000000e+00 2.566086556299549315e+01 2.603124611901144547e+01
0.000000000000000000e+00 0.000000000000000000e+00 7.323620377257837433e+00 0.000000000000000000e+00 0.000000000000000000e+00 0.000000000000000000e+00 0.000000000000000000e+00 0.000000000000000000e+00 0.000000000000000000e+00 0.000000000000000000e+00 9.576325532778284355e+00 2.204012301596166523e+01 7.076618427329081840e+01 2.090466904998391939e+01
0.000000000000000000e+00 6.654874157574004911e+00 0.000000000000000000e+00 0.000000000000000000e+00 0.000000000000000000e+00 0.000000000000000000e+00 0.000000000000000000e+00 0.000000000000000000e+00 0.000000000000000000e+00 4.560817955852918715e+00 0.000000000000000000e+00 5.792235433521018884e+00 0.000000000000000000e+00 0.000000000000000000e+00
0.000000000000000000e+00 0.000000000000000000e+00 0.000000000000000000e+00 0.000000000000000000e+00 0.000000000000000000e+00 0.000000000000000000e+00 0.000000000000000000e+00 3.374588310912679390e+01 2.969388718383997983e+01 0.000000000000000000e+00 5.471443187298772770e+00 1.337605604730286224e+01 1.599344852442688136e+01 0.000000000000000000e+00
0.000000000000000000e+00 0.000000000000000000e+00 0.000000000000000000e+00 0.000000000000000000e+00 0.000000000000000000e+00 8.038208291266403904e+00 4.331071740057809194e+01 2.972039504882829064e+01 0.000000000000000000e+00 0.000000000000000000e+00 1.960924175325828145e+01 2.098444853810503119e+01 0.000000000000000000e+00 5.736518789735931545e-01
0.000000000000000000e+00 0.000000000000000000e+00 0.000000000000000000e+00 0.000000000000000000e+00 0.000000000000000000e+00 2.803331258421226480e+01 4.316586821163533472e+01 4.939223407163093604e-01 0.000000000000000000e+00 0.000000000000000000e+00 6.143508105131186170e+00 0.000000000000000000e+00 0.000000000000000000e+00 0.000000000000000000e+00
0.000000000000000000e+00 0.000000000000000000e+00 0.000000000000000000e+00 0.000000000000000000e+00 8.976884342042431797e+00 1.245310074855098037e+01 2.275570461526503152e+01 9.247653300552818312e-01 6.136869611340337372e+00 7.042425529302811071e+00 9.960147141482208255e+00 0.000000000000000000e+00 0.000000000000000000e+00 3.868752317531595430e+00
0.000000000000000000e+00 9.324150426258793090e+00 7.260279841665799871e+00 0.000000000000000000e+00 0.000000000000000000e+00 2.592360552813839192e+01 0.000000000000000000e+00 0.000000000000000000e+00 5.016621798459608428e-02 0.000000000000000000e+00 0.000000000000000000e+00 0.000000000000000000e+00 3.463012842959138027e+00 1.014343232254498695e+01
1.502352532773707061e+01 2.021817412960562521e+01 0.000000000000000000e+00 0.000000000000000000e+00 0.000000000000000000e+00 0.000000000000000000e+00 0.000000000000000000e+00 0.000000000000000000e+00 0.000000000000000000e+00 2.589954582277756145e+01 0.000000000000000000e+00 0.000000000000000000e+00 0.000000000000000000e+00 8.204338674513431684e+00
3.346116144941271386e+01 1.714729289938080115e+01 0.000000000000000000e+00 0.000000000000000000e+00 0.000000000000000000e+00 0.000000000000000000e+00 0.000000000000000000e+00 0.000000000000000000e+00 1.810564476898905761e+00 2.257505302081992404e+00 7.242738961553730093e+00 6.147728074513441499e+00 0.000000000000000000e+00 3.064408499009652509e+00
0.000000000000000000e+00 0.000000000000000000e+00 0.000000000000000000e+00 0.000000000000000000e+00 0.000000000000000000e+00 0.000000000000000000e+00 8.456045946385646772e+00 0.000000000000000000e+00 1.116790352048804991e+01 2.713195809262285252e+01 1.511226375801477673e+01 0.000000000000000000e+00 0.000000000000000000e+00 1.437361320228745853e+01
0.000000000000000000e+00 0.000000000000000000e+00 0.000000000000000000e+00 0.000000000000000000e+00 0.000000000000000000e+00 0.000000000000000000e+00 0.000000000000000000e+00 0.000000000000000000e+00 3.925234364503403128e+01 2.612937684246682934e+01 0.000000000000000000e+00 0.000000000000000000e+00 0.000000000000000000e+00 9.017902654589745381e+00
1.707909205893100335e+01 2.229366596755478547e+00 0.000000000000000000e+00 0.000000000000000000e+00 0.000000000000000000e+00 0.000000000000000000e+00 1.235249749895946181e+01 1.347840176769743969e+01 2.716900965157043046e+01 0.000000000000000000e+00 0.000000000000000000e+00 0.000000000000000000e+00 2.533227265068530443e+01 2.201372902593009329e+01
0.000000000000000000e+00 0.000000000000000000e+00 0.000000000000000000e+00 0.000000000000000000e+00 2.637876506258377773e+00 7.942731982081513209e+00 0.000000000000000000e+00 3.199970938904491469e+00 1.578687874257503765e+01 0.000000000000000000e+00 0.000000000000000000e+00 2.377216687496762049e+01 2.688437005042903394e+01 0.000000000000000000e+00
