5.509927390068714600e+11 6.061051390068714600e+11 6.612175390068717041e+11 7.163299390068718262e+11 7.714423390068718262e+11 8.265547390068714600e+11 8.816671390068712158e+11 9.367795390068713379e+11 9.918919390068713379e+11 1.047004339006871338e+12 1.102116739006871338e+12 1.157229139006871338e+12 1.212341539006871338e+12 1.267453939006871582e+12
5.529610390068714600e+11 6.080734390068714600e+11 6.631858390068717041e+11 7.182982390068718262e+11 7.734106390068718262e+11 8.285230390068714600e+11 8.836354390068712158e+11 9.387478390068713379e+11 9.938602390068713379e+11 1.048972639006871338e+12 1.104085039006871338e+12 1.159197439006871338e+12 1.214309839006871338e+12 1.269422239006871582e+12
5.549293390068714600e+11 6.100417390068714600e+11 6.651541390068717041e+11 7.202665390068718262e+11 7.753789390068718262e+11 8.304913390068714600e+11 8.856037390068712158e+11 9.407161390068713379e+11 9.958285390068713379e+11 1.050940939006871338e+12 1.106053339006871338e+12 1.161165739006871338e+12 1.216278139006871338e+12 1.271390539006871582e+12
5.568976390068714600e+11 6.120100390068714600e+11 6.671224390068717041e+11 7.222348390068718262e+11 7.773472390068718262e+11 8.324596390068714600e+11 8.875720390068713379e+11 9.426844390068713379e+11 9.977968390068713379e+11 1.052909239006871338e+12 1.108021639006871338e+12 1.163134039006871338e+12 1.218246439006871338e+12 1.273358839006871582e+12
5.588659390068714600e+11 6.139783390068714600e+11 6.690907390068717041e+11 7.242031390068718262e+11 7.793155390068715820e+11 8.344279390068713379e+11 8.895403390068713379e+11 9.446527390068713379e+11 9.997651390068713379e+11 1.054877539006871338e+12 1.109989939006871338e+12 1.165102339006871338e+12 1.220214739006871338e+12 1.275327139006871582e+12
5.608342390068714600e+11 6.159466390068715820e+11 6.710590390068717041e+11 7.261714390068718262e+11 7.812838390068714600e+11 8.363962390068712158e+11 8.915086390068713379e+11 9.466210390068713379e+11 1.001733439006871338e+12 1.056845839006871338e+12 1.111958239006871338e+12 1.167070639006871338e+12 1.222183039006871582e+12 1.277295439006871582e+12
5.628025390068714600e+11 6.179149390068715820e+11 6.730273390068717041e+11 7.281397390068718262e+11 7.832521390068714600e+11 8.383645390068712158e+11 8.934769390068713379e+11 9.485893390068713379e+11 1.003701739006871338e+12 1.058814139006871338e+12 1.113926539006871338e+12 1.169038939006871338e+12 1.224151339006871582e+12 1.279263739006871582e+12
5.647708390068714600e+11 6.198832390068715820e+11 6.749956390068717041e+11 7.301080390068718262e+11 7.852204390068714600e+11 8.403328390068712158e+11 8.954452390068713379e+11 9.505576390068713379e+11 1.005670039006871338e+12 1.060782439006871338e+12 1.115894839006871338e+12 1.171007239006871338e+12 1.226119639006871582e+12 1.281232039006871582e+12
5.667391390068714600e+11 6.218515390068715820e+11 6.769639390068717041e+11 7.320763390068718262e+11 7.871887390068714600e+11 8.423011390068712158e+11 8.974135390068713379e+11 9.525259390068713379e+11 1.007638339006871338e+12 1.062750739006871338e+12 1.117863139006871338e+12 1.172975539006871338e+12 1.228087939006871582e+12 1.283200339006871582e+12
5.687074390068714600e+11 6.238198390068715820e+11 6.789322390068717041e+11 7.340446390068718262e+11 7.891570390068714600e+11 8.442694390068712158e+11 8.993818390068713379e+11 9.544942390068713379e+11 1.009606639006871338e+12 1.064719039006871338e+12 1.119831439006871338e+12 1.174943839006871338e+12 1.230056239006871582e+12 1.285168639006871582e+12
5.706757390068714600e+11 6.257881390068715820e+11 6.809005390068717041e+11 7.360129390068718262e+11 7.911253390068714600e+11 8.462377390068712158e+11 9.013501390068713379e+11 9.564625390068713379e+11 1.011574939006871338e+12 1.066687339006871338e+12 1.121799739006871338e+12 1.176912139006871338e+12 1.232024539006871582e+12 1.287136939006871582e+12
5.726440390068714600e+11 6.277564390068715820e+11 6.828688390068717041e+11 7.379812390068718262e+11 7.930936390068714600e+11 8.482060390068712158e+11 9.033184390068713379e+11 9.584308390068713379e+11 1.013543239006871338e+12 1.068655639006871338e+12 1.123768039006871338e+12 1.178880439006871338e+12 1.233992839006871582e+12 1.289105239006871582e+12
5.746123390068714600e+11 6.297247390068715820e+11 6.848371390068717041e+11 7.399495390068718262e+11 7.950619390068714600e+11 8.501743390068712158e+11 9.052867390068713379e+11 9.603991390068713379e+11 1.015511539006871338e+12 1.070623939006871338e+12 1.125736339006871338e+12 1.180848739006871338e+12 1.235961139006871582e+12 1.291073539006871582e+12
5.765806390068714600e+11 6.316930390068715820e+11 6.868054390068717041e+11 7.419178390068718262e+11 7.970302390068714600e+11 8.521426390068712158e+11 9.072550390068713379e+11 9.623674390068713379e+11 1.017479839006871338e+12 1.072592239006871338e+12 1.127704639006871338e+12 1.182817039006871338e+12 1.237929439006871582e+12 1.293041839006871582e+12
