5.509927390071138916e+11 6.061051390071138916e+11 6.612175390071141357e+11 7.163299390071142578e+11 7.714423390071142578e+11 8.265547390071138916e+11 8.816671390071136475e+11 9.367795390071137695e+11 9.918919390071137695e+11 1.047004339007113770e+12 1.102116739007113770e+12 1.157229139007113770e+12 1.212341539007113770e+12 1.267453939007114014e+12
5.529610390071138916e+11 6.080734390071138916e+11 6.631858390071141357e+11 7.182982390071142578e+11 7.734106390071142578e+11 8.285230390071138916e+11 8.836354390071136475e+11 9.387478390071137695e+11 9.938602390071137695e+11 1.048972639007113770e+12 1.104085039007113770e+12 1.159197439007113770e+12 1.214309839007113770e+12 1.269422239007114014e+12
5.549293390071138916e+11 6.100417390071138916e+11 6.651541390071141357e+11 7.202665390071142578e+11 7.753789390071142578e+11 8.304913390071138916e+11 8.856037390071136475e+11 9.407161390071137695e+11 9.958285390071137695e+11 1.050940939007113770e+12 1.106053339007113770e+12 1.161165739007113770e+12 1.216278139007113770e+12 1.271390539007114014e+12
5.568976390071138916e+11 6.120100390071138916e+11 6.671224390071141357e+11 7.222348390071142578e+11 7.773472390071142578e+11 8.324596390071138916e+11 8.875720390071137695e+11 9.426844390071137695e+11 9.977968390071137695e+11 1.052909239007113770e+12 1.108021639007113770e+12 1.163134039007113770e+12 1.218246439007113770e+12 1.273358839007114014e+12
5.588659390071138916e+11 6.139783390071138916e+11 6.690907390071141357e+11 7.242031390071142578e+11 7.793155390071140137e+11 8.344279390071137695e+11 8.895403390071137695e+11 9.446527390071137695e+11 9.997651390071137695e+11 1.054877539007113770e+12 1.109989939007113770e+12 1.165102339007113770e+12 1.220214739007113770e+12 1.275327139007114014e+12
5.608342390071138916e+11 6.159466390071140137e+11 6.710590390071141357e+11 7.261714390071142578e+11 7.812838390071138916e+11 8.363962390071136475e+11 8.915086390071137695e+11 9.466210390071137695e+11 1.001733439007113770e+12 1.056845839007113770e+12 1.111958239007113770e+12 1.167070639007113770e+12 1.222183039007114014e+12 1.277295439007114014e+12
5.628025390071138916e+11 6.179149390071140137e+11 6.730273390071141357e+11 7.281397390071142578e+11 7.832521390071138916e+11 8.383645390071136475e+11 8.934769390071137695e+11 9.485893390071137695e+11 1.003701739007113770e+12 1.058814139007113770e+12 1.113926539007113770e+12 1.169038939007113770e+12 1.224151339007114014e+12 1.279263739007114014e+12
5.647708390071138916e+11 6.198832390071140137e+11 6.749956390071141357e+11 7.301080390071142578e+11 7.852204390071138916e+11 8.403328390071136475e+11 8.954452390071137695e+11 9.505576390071137695e+11 1.005670039007113770e+12 1.060782439007113770e+12 1.115894839007113770e+12 1.171007239007113770e+12 1.226119639007114014e+12 1.281232039007114014e+12
5.667391390071138916e+11 6.218515390071140137e+11 6.769639390071141357e+11 7.320763390071142578e+11 7.871887390071138916e+11 8.423011390071136475e+11 8.974135390071137695e+11 9.525259390071137695e+11 1.007638339007113770e+12 1.062750739007113770e+12 1.117863139007113770e+12 1.172975539007113770e+12 1.228087939007114014e+12 1.283200339007114014e+12
5.687074390071138916e+11 6.238198390071140137e+11 6.789322390071141357e+11 7.340446390071142578e+11 7.891570390071138916e+11 8.442694390071136475e+11 8.993818390071137695e+11 9.544942390071137695e+11 1.009606639007113770e+12 1.064719039007113770e+12 1.119831439007113770e+12 1.174943839007113770e+12 1.230056239007114014e+12 1.285168639007114014e+12
5.706757390071138916e+11 6.257881390071140137e+11 6.809005390071141357e+11 7.360129390071142578e+11 7.911253390071138916e+11 8.462377390071136475e+11 9.013501390071137695e+11 9.564625390071137695e+11 1.011574939007113770e+12 1.066687339007113770e+12 1.121799739007113770e+12 1.176912139007113770e+12 1.232024539007114014e+12 1.287136939007114014e+12
5.726440390071138916e+11 6.277564390071140137e+11 6.828688390071141357e+11 7.379812390071142578e+11 7.930936390071138916e+11 8.482060390071136475e+11 9.033184390071137695e+11 9.584308390071137695e+11 1.013543239007113770e+12 1.068655639007113770e+12 1.123768039007113770e+12 1.178880439007113770e+12 1.233992839007114014e+12 1.289105239007114014e+12
5.746123390071138916e+11 6.297247390071140137e+11 6.848371390071141357e+11 7.399495390071142578e+11 7.950619390071138916e+11 8.501743390071136475e+11 9.052867390071137695e+11 9.603991390071137695e+11 1.015511539007113770e+12 1.070623939007113770e+12 1.125736339007113770e+12 1.180848739007113770e+12 1.235961139007114014e+12 1.291073539007114014e+12
5.765806390071138916e+11 6.316930390071140137e+11 6.868054390071141357e+11 7.419178390071142578e+11 7.970302390071138916e+11 8.521426390071136475e+11 9.072550390071137695e+11 9.623674390071137695e+11 1.017479839007113770e+12 1.072592239007113770e+12 1.127704639007113770e+12 1.182817039007113770e+12 1.237929439007114014e+12 1.293041839007114014e+12
