5.509926896343670654e+11 6.061050896343670654e+11 6.612174896343670654e+11 7.163298896343669434e+11 7.714422896343669434e+11 8.265546896343668213e+11 8.816670896343669434e+11 9.367794896343670654e+11 9.918918896343670654e+11 1.047004289634367065e+12 1.102116689634367188e+12 1.157229089634366943e+12 1.212341489634366943e+12 1.267453889634366943e+12
5.529609896343670654e+11 6.080733896343670654e+11 6.631857896343670654e+11 7.182981896343669434e+11 7.734105896343669434e+11 8.285229896343668213e+11 8.836353896343669434e+11 9.387477896343670654e+11 9.938601896343670654e+11 1.048972589634367065e+12 1.104084989634367188e+12 1.159197389634366943e+12 1.214309789634366943e+12 1.269422189634366943e+12
5.549292896343670654e+11 6.100416896343670654e+11 6.651540896343670654e+11 7.202664896343669434e+11 7.753788896343669434e+11 8.304912896343668213e+11 8.856036896343669434e+11 9.407160896343670654e+11 9.958284896343670654e+11 1.050940889634367065e+12 1.106053289634367188e+12 1.161165689634366943e+12 1.216278089634366943e+12 1.271390489634366943e+12
5.568975896343670654e+11 6.120099896343670654e+11 6.671223896343670654e+11 7.222347896343669434e+11 7.773471896343669434e+11 8.324595896343668213e+11 8.875719896343669434e+11 9.426843896343670654e+11 9.977967896343670654e+11 1.052909189634367065e+12 1.108021589634367188e+12 1.163133989634366943e+12 1.218246389634366943e+12 1.273358789634366943e+12
5.588658896343670654e+11 6.139782896343670654e+11 6.690906896343670654e+11 7.242030896343669434e+11 7.793154896343669434e+11 8.344278896343668213e+11 8.895402896343669434e+11 9.446526896343670654e+11 9.997650896343670654e+11 1.054877489634367065e+12 1.109989889634367188e+12 1.165102289634366943e+12 1.220214689634366943e+12 1.275327089634366943e+12
5.608341896343670654e+11 6.159465896343670654e+11 6.710589896343670654e+11 7.261713896343669434e+11 7.812837896343669434e+11 8.363961896343669434e+11 8.915085896343669434e+11 9.466209896343670654e+11 1.001733389634367065e+12 1.056845789634367065e+12 1.111958189634367188e+12 1.167070589634366943e+12 1.222182989634366943e+12 1.277295389634366943e+12
5.628024896343670654e+11 6.179148896343670654e+11 6.730272896343670654e+11 7.281396896343669434e+11 7.832520896343669434e+11 8.383644896343669434e+11 8.934768896343669434e+11 9.485892896343670654e+11 1.003701689634367065e+12 1.058814089634367065e+12 1.113926489634367188e+12 1.169038889634366943e+12 1.224151289634366943e+12 1.279263689634366943e+12
5.647707896343670654e+11 6.198831896343670654e+11 6.749955896343670654e+11 7.301079896343669434e+11 7.852203896343669434e+11 8.403327896343669434e+11 8.954451896343669434e+11 9.505575896343670654e+11 1.005669989634367065e+12 1.060782389634367065e+12 1.115894789634367188e+12 1.171007189634366943e+12 1.226119589634366943e+12 1.281231989634366943e+12
5.667390896343670654e+11 6.218514896343670654e+11 6.769638896343670654e+11 7.320762896343669434e+11 7.871886896343669434e+11 8.423010896343669434e+11 8.974134896343669434e+11 9.525258896343670654e+11 1.007638289634367065e+12 1.062750689634367065e+12 1.117863089634367188e+12 1.172975489634366943e+12 1.228087889634366943e+12 1.283200289634366943e+12
5.687073896343670654e+11 6.238197896343670654e+11 6.789321896343670654e+11 7.340445896343669434e+11 7.891569896343669434e+11 8.442693896343669434e+11 8.993817896343669434e+11 9.544941896343670654e+11 1.009606589634367065e+12 1.064718989634367065e+12 1.119831389634367188e+12 1.174943789634366943e+12 1.230056189634366943e+12 1.285168589634366943e+12
5.706756896343670654e+11 6.257880896343670654e+11 6.809004896343670654e+11 7.360128896343669434e+11 7.911252896343669434e+11 8.462376896343669434e+11 9.013500896343669434e+11 9.564624896343670654e+11 1.011574889634367065e+12 1.066687289634367065e+12 1.121799689634367188e+12 1.176912089634366943e+12 1.232024489634366943e+12 1.287136889634366943e+12
5.726439896343670654e+11 6.277563896343670654e+11 6.828687896343670654e+11 7.379811896343669434e+11 7.930935896343669434e+11 8.482059896343669434e+11 9.033183896343669434e+11 9.584307896343670654e+11 1.013543189634367065e+12 1.068655589634367065e+12 1.123767989634367188e+12 1.178880389634366943e+12 1.233992789634366943e+12 1.289105189634366943e+12
5.746122896343670654e+11 6.297246896343670654e+11 6.848370896343670654e+11 7.399494896343669434e+11 7.950618896343669434e+11 8.501742896343669434e+11 9.052866896343669434e+11 9.603990896343670654e+11 1.015511489634367065e+12 1.070623889634367065e+12 1.125736289634367188e+12 1.180848689634366943e+12 1.235961089634366943e+12 1.291073489634366943e+12
5.765805896343670654e+11 6.316929896343670654e+11 6.868053896343670654e+11 7.419177896343669434e+11 7.970301896343669434e+11 8.521425896343669434e+11 9.072549896343669434e+11 9.623673896343670654e+11 1.017479789634367065e+12 1.072592189634367065e+12 1.127704589634366943e+12 1.182816989634366943e+12 1.237929389634366943e+12 1.293041789634366943e+12
